503
201
404
301
416
402
100
203
401
410
405
413
300
510
404
206
403
508
401
300
305
300
101
417
101
416
503
102
404
425
400
418
204
502
203
507
451
208
410
511
417
421
407
502
201
200
300
416
101
511
418
402
500
410
308
503
500
425
413
207
417
206
428
424
412
506
418
429
505
302
400
417
200
418
103
303
510
303
406
410
411
412
508
423
412
406
308
206
426
426
418
505
451
407
418
414
401
404
418
205
101
403
208
103
404
502
504
407
410
407
200
402
401
421
205
226
407
208
203
414
417
401
506
451
303
426
426
201
417
201
508
206
403
307
421
502
507
416
103
412
205
416
303
507
510
416
302
202
511
502
203
302
101
410
208
501
303
424
405
504
510
307
307
200
421
302
422
424
416
202
510
411
421
422
451
511
102
414
304
200
411
402
424
302
202
412
402
410
505
205
411
501
451
422
226
500
422
418
102
205
502
415
200
300
431
501
510
418
413
500
406
425
302
421
418
100
505
408
510
428
504
100
409
425
102
510
506
510
400
407
304
401
411
201
425
404
507
102
301
203
428
307
226
502
403
511
412
203
428
418
407
423
504
408
421
413
304
424
305
100
417
402
201
451
504
307
201
505
500
308
400
451
409
407
204
423
100
303
201
405
204
451
400
402
506
101
100
100
403
510
101
426
402
307
426
504
206
303
413
503
201
304
302
501
428
417
409
503
421
102
506
507
406
511
510
503
207
426
208
401
418
301
413
403
402
205
431
408
201
402
423
301
100
100
507
409
305
429
200
301
508
407
505
501
503
506
425
422
411
502
423
204
205
418
101
302
202
200
103
307
305
100
100
407
402
502
100
511
401
207
400
101
501
405
416
302
426
506
422
406
302
304
503
304
428
102
411
424
207
504
511
414
201
407
401
502
207
424
503
426
101
401
431
510
428
510
301
417
100
414
425
203
421
226
508
205
400
500
506
508
407
507
407
301
200
511
205
404
500
403
102
405
426
413
304
426
451
301
201
424
500
205
507
402
409
301
200
301
307
451
101
403
508
424
508
408
202
506
100
503
407
417
503
407
429
301
510
401
226
308
102
101
201
208
507
410
431
422
305
424
505
304
101
508
101
202
408
203
418
301
410
303
226
401
205
506
409
404
504
422
408
503
303
504
426
426
208
409
412
423
422
303
423
201
421
428
208
418
301
207
428
201
500
422
421
405
201
204
429
409
429
308
404
409
506
300
405
411
414
208
307
429
502
414
401
301
302
417
414
408
204
511
506
226
417
303
100
300
505
414
418
226
101
402
414
501
308
511
505
408
412
428
308
415
301
511
500
305
204
404
415
415
416
102
100
413
508
305
407
305
421
404
507
100
505
502
412
205
300
300
413
300
505
200
415
431
413
102
307
100
203
501
100
510
417
429
414
510
307
300
503
305
511
506
411
501
428
410
404
422
208
303
405
418
418
409
405
308
412
303
207
403
407
200
406
408
423
510
507
308
101
503
417
413
416
413
451
405
507
301
425
428
511
507
508
226
402
207
503
407
424
426
502
504
414
226
202
403
506
403
206
504
503
203
304
201
304
303
415
418
412
429
428
203
425
301
508
424
500
307
424
403
201
415
429
511
401
400
307
407
202
411
200
510
503
504
414
417
408
505
507
202
416
308
201
414
207
102
304
101
307
409
505
501
401
415
401
101
508
411
308
508
418
301
402
404
102
305
421
101
302
411
417
200
504
307
403
101
428
451
421
102
502
207
417
414
303
401
423
411
421
103
429
301
501
301
428
413
303
422
431
305
103
426
400
421
408
500
404
418
425
510
406
422
417
102
226
508
428
404
304
201
402
102
100
505
301
407
411
501
416
424
404
102
304
406
204
100
451
423
300
421
300
424
100
415
412
503
417
451
404
308
101
429
428
410
402
425
510
203
402
501
304
506
301
502
305
500
200
207
409
208
102
404
425
506
414
417
510
414
226
200
418
505
308
205
404
428
424
428
206
303
405
416
429
431
201
411
303
305
103
416
101
411
421
451
431
200
206
424
418
100
207
206
301
412
428
205
405
411
417
102
401
401
451
401
503
406
406
510
226
423
407
415
103
423
431
505
409
101
100
511
303
226
206
406
507
206
411
101
308
201
421
424
506
505
304
508
205
407
408
412
508
400
101
425
204
402
406
451
506
205
429
429
200
200
413
207
429
305
416
508
426
510
201
431
414
400
506
208
423
510
410
307
405
421
300
205
412
307
508
418
506
426
507
202
404
103
203
407
304
411
208
302
422
302
416
411
418
502
